850630
990260
998170
999560
999770
984770
4749770
275800
991800
998570
999440
999760
985870
1288800
733140
993980
997890
1000590
999310
1000660
999730
1000370
985890
5026600
994370
994290
998230
1000580
984850
1291200
731790
993130
999550
999530
999330
1000770
999820
999440
985630
1058380
958420
998490
999450
1000610
1000670
999610
998600
1000850
985320
1273580
746630
995380
1000320
998990
999150
1000140
1000150
999110
985710
1141480
877010
998550
997470
1000610
999880
1000670
999150
1000260
985670
1228750
791910
995840
998890
998610
999600
1000540
1000470
999550
985650
1021440
993820
1001170
997690
1000320
1000230
1000090
999140
1000460
985780
1018210
997640
999540
999300
999260
1000240
1000160
998650
1001100
986630
1019500
995400
998700
999280
1001010
999870
999340
1000410
999540
985700
1017480
997820
1000140
1000240
999720
999310
999880
1000220
1000100
985750
1060110
957380
997470
1000000
999050
1000320
999680
999770
999780
986290
1016720
999320
998740
999500
999630
1001210
998590
1000610
1000240
985450
1020150
994010
999090
1001310
999710
1000430
999190
1001010
998860
985190
1018250
998410
999340
999470
1000280
999500
1000780
999070
999740
986080
1038340
977230
998920
1000290
1000190
999880
1000080
999290
999740
985570
1017200
998610
999950
998940
1000210
1001720
998190
999970
999100
985730
1021710
994650
998370
1000090
1000690
999350
1000530
999910
1000180
986130
1016840
998330
998630
1000220
1000020
1000450
999330
999540
1000840
984510
1019300
995860
999820
1000870
999230
1000650
999240
1000240
999200
985500
1018010
997790
999610
998640
1000900
999970
1000250
999390
999480
985880
1058640
958700
998310
999750
999970
1000430
1000040
999520
999360
986700
1016060
998720
999510
999340
999970
1000920
998940
1000680
999460
985370
1020840
994440
1000230
1000010
998330
1000910
999610
1000450
1001140
984880
1016280
998060
999590
1000530
999390
999620
1000630
999410
1000380
985620
1020000
996310
998520
1000340
999210
999510
1001290
999000
1000670
984410
1018640
997210
1000070
1000050
999360
1000720
999980
1000380
998680
985710
1023440
992760
999520
998840
999930
999590
1001300
1000020
999880
984290
1016890
998540
999160
1000340
1000090
1000280
999930
1011150
994770
982280
1251960
767510
993430
999400
1000150
998890
1000380
1000060
999300
985250
1041100
976280
997450
999850
1000340
999620
1001720
999470
999680
985770
1325500
693760
995330
999310
999180
1000910
1000250
999350
1000350
984680
1038570
980260
998530
997990
999350
1000040
1001050
999460
999190
986410
1096390
921060
997420
998800
1002010
999580
999480
999460
1000830
984750
1040310
976520
997770
1000400
1000050
1000350
999300
999130
1000050
986070
1016940
998670
999170
999420
1000070
1001760
998020
999940
1000250
985320
1016670
999090
999810
998850
1001390
999580
1000140
999460
999300
986040
1020260
995340
998840
1000810
1000460
998960
999900
999490
1000620
984740
1015540
999560
1000790
999500
999870
999780
1000710
999850
999430
985150
1020210
995030
1000470
998630
1000010
1000580
1001060
998600
1000620
984690
1018710
1008070
990560
998500
999650
1001060
999100
1000850
998990
985660
1061150
956480
996760
1000130
1000020
1000230
999090
1000060
1000320
986080
1016420
998180
999530
999900
999980
999000
1001050
999880
999280
985010
1021580
994890
999940
999190
1000550
1000150
999970
998290
1000650
985320
1016630
999270
999890
999090
1000180
1000140
1000820
998440
1001370
985090
1019530
995960
998780
1000130
999770
999940
1000300
999040
1000340
985540
1017870
997410
1000150
999510
999940
1000440
999140
1000570
1000120
985610
1018220
997610
998500
999780
998800
1001380
999480
999640
1000870
985770
1018160
996500
998870
1000510
1000340
999890
999180
1000600
1000770
984500
1019010
996110
999310
1000150
999990
999830
999290
1001580
999550
985340
1016770
998880
998940
999890
999370
1000680
999420
1000490
1000310
985360
1058870
957780
999410
999160
998180
999980
1000840
999890
999900
986040
1016770
998230
998740
1000950
999940
999500
1000170
999080
1000990
985750
1019900
995140
998510
1000600
1000300
999830
999600
1000340
1000860
984790
1016170
998860
999620
999570
1000130
999850
999670
999920
1000650
985450
1021160
993990
999830
999300
999780
999480
1000420
1000030
1000360
985410
1016430
998830
999480
999710
998870
1001090
1000860
999720
999710
985610
1019880
996610
998840
998870
1000300
1000470
999620
999460
1000740
985370
1017300
997970
998880
1000000
999790
1000070
999350
1000320
1000240
985690
1021940
993090
999830
999310
1001040
998750
1000650
1000030
1000490
984660
1016550
998870
999930
999470
999660
1000850
999610
1000280
1000270
985320
1060260
955860
998190
1000020
1000220
1001000
998420
999220
1001060
986330
1016380
997930
999830
999220
998800
1000890
999900
1001120
999150
985430
1017360
999020
999400
998290
1001320
998730
1001670
999250
999260
986060
1017160
999510
997810
999450
1000270
999050
1000510
1000930
999210
986280
1019110
996930
999540
998490
1001180
999670
999150
999120
1001270
985370
1016260
999020
1000250
998900
999290
1000930
998760
1000490
1001050
985080
1017360
998990
999300
998850
999690
1000200
999770
999990
999760
985710
1016710
998430
999780
999320
1001120
998580
1000840
998850
1001390
985040
1020250
994940
999470
1001030
999500
999160
1000090
999610
1000460
985840
1016860
999560
998780
999340
999520
1000420
999190
1000450
1000010
985330
1060240
957550
998400
998970
1000020
999700
999510
1000470
999950
985420
1017740
998250
999390
999990
999180
1000340
999840
999480
999860
986360
1014320
1001090
998790
1000750
999450
999570
999500
1000290
1000420
985030
1016360
999810
999470
999710
999870
999050
1001030
999700
999500
986090
1020520
995210
999620
999370
999540
1000690
999830
998590
1001440
985040
1017330
997960
999530
999390
1000330
1001110
998620
999720
1000420
986090
1020320
994780
998560
1000880
1000380
999780
999090
1000080
999810
986380
1015940
998860
999120
999350
1001250
1000270
998970
999600
1000020
985700
1017430
999930
998800
999060
999510
1000380
999240
1000520
999660
985360
1017380
999900
997940
1000090
999940
1000020
1000050
999300
999970
985930
1061620
956140
996920
1000440
999910
1000350
999760
998600
1000370
985650
1016190
999660
998520
1000000
1000460
1000110
999290
1000910
999460
985700
1020450
995650
998290
1000310
999490
1000200
1000490
999390
1000120
985180
1017940
997710
997930
1000560
1000710
1000100
999150
1000250
1000520
985480
1019520
996700
998330
1000620
999000
1000640
999150
1000040
1000100
986010
1017710
998020
998880
999780
1000010
1000930
999720
998760
1000290
985730
1020670
994700
1000670
998490
999340
1000520
1000330
999850
1000360
984970
1015990
999640
999380
998940
1000800
999960
999030
1000830
999870
985620
1022210
992800
1000230
998880
999770
1000150
1000150
1001300
999530
985290
1017080
997530
1000240
999700
999280
1000440
1000110
999670
1000300
986110
1057320
958560
999090
999800
998390
1000860
999790
1000200
999880
985020
1018230
998090
999050
999810
999730
999340
1000770
999480
1000510
984960
1020920
995140
998230
1000630
1000550
999350
1000420
1000610
999230
985040
1016490
998740
999750
998820
1000710
1000250
1000210
999490
999980
986590
1022820
991560
1000170
999630
999500
1000020
999980
1000140
1000390
984560
1018280
997190
999530
1001480
998510
1000550
999580
1000930
998170
986800
1020740
993720
999860
1000400
998830
1001050
999760
1000040
999700
985290
1017860
998440
999950
998810
999380
999870
1000510
999000
1000780
985920
1018900
