841600
1162140
828540
997230
999270
999620
1000020
1001050
999310
999610
999940
1165770
838010
996790
1000110
999300
999760
1001190
999980
999510
999740
1164360
841000
995990
999430
1000050
999430
1000240
999830
1000310
1000100
1165520
838740
996130
999460
999530
999320
1000700
999950
999750
1000260
1167430
836930
995890
999870
1000130
999990
1000200
999910
999800
999940
1166870
835620
997950
1000280
999120
1000520
999640
1000510
998810
1000370
1201300
803240
996610
999490
1000050
999710
1000020
998640
1001560
998990
1165170
838690
996020
1000730
1000050
999520
1000560
999910
999590
1000240
1161610
841740
997920
998020
1001020
999520
999990
1000330
1000200
999500
1191590
811000
997330
999710
1000550
999740
999730
1000550
999230
1001510
1231380
773190
996350
999270
999540
1000310
999830
999310
999710
1000730
1185290
818020
997310
999260
1000100
999370
1000700
999250
1000200
1001370
1653170
350670
996490
998140
1000650
1000350
999240
1000730
999770
999240
1166680
837130
998340
998200
999810
1000330
999960
999570
1001310
998980
1164550
838540
997430
999140
1000910
999650
1000190
1000160
999000
1000220
1162190
841840
996850
999040
1000690
1000160
999600
1000260
1000720
999260
1218070
784410
998080
1000120
999200
999890
1000470
999230
1000440
1000160
1163430
840290
996610
1000240
998730
1000680
1001070
998890
1000470
998410
1164920
838970
997260
1000410
998770
1000770
999640
1001310
998060
1000660
1163000
840250
998000
998400
1001010
999550
1000040
1000050
999120
1000080
1164370
840320
996790
998960
999410
1000810
999790
1000370
999000
1000420
1163450
840190
996310
1000190
1000180
1000320
1000210
1000360
999730
999170
1192360
810370
998780
999270
999540
999460
1000840
999910
998900
999870
1223940
782570
995730
1000010
999350
1000270
998660
1000010
1000530
999590
7773740
241340
986730
999010
1196430
807010
997740
998670
999840
999670
1000550
1000410
999340
999560
1201930
802910
995250
999840
1001010
999130
999730
999820
999920
1000720
1161290
842910
996290
998920
999260
1000910
999830
1000470
1000380
999870
1163670
839080
997340
1000080
999260
1000070
999880
1001290
999950
999290
1163010
840670
996430
999220
1000040
1000470
999170
1000110
999790
1000270
1165080
839750
995760
1000090
999480
1000100
999740
1001520
999250
999760
1161830
841880
996920
999980
998960
1000050
1000690
999670
1000760
999050
1163340
841440
996790
998390
1000230
999610
1000160
1000390
1000170
999390
1165160
840920
995200
998820
1000090
1000440
1000320
999640
1000930
999390
1164070
837620
997750
1000080
999980
1000310
999010
1000950
1000340
999600
1163590
840140
996670
999470
999610
1001390
999200
999120
999970
1000720
1230860
774220
995340
998540
1000600
999290
1001700
999230
1001010
999700
1221900
787900
992310
998980
1000090
999050
998940
1000330
1000340
1000030
1285650
719810
994360
999710
1000840
998930
1000190
1000120
999480
1000840
1163760
840300
997010
998840
1000090
1000050
1000120
999520
1000220
999960
1163430
839550
997950
999950
999640
999020
1000920
999470
999020
1000870
1161150
842060
997050
1000370
998360
1000960
1000220
1000630
998040
1000870
1161580
840940
998300
1000220
999130
1000660
999280
1000390
999510
999050
1165690
841320
994240
1000820
999270
999930
1000610
999170
999750
999770
1162640
840030
998500
1000260
999360
1000270
1001000
999240
999620
1000210
1163300
838430
998490
999320
999930
1000690
999080
1000230
1000630
998950
1201760
802300
997110
999040
1000190
1000110
1000040
999940
1000620
999020
1162980
842950
996510
998730
999640
999000
1000240
1000110
1000390
999920
1163500
838620
998740
999110
999900
999480
1000280
1001120
998930
1000530
1160590
842250
997440
1000620
999080
999610
1000230
1000000
1000610
998860
1192180
812040
996590
998850
1000840
999970
999640
1000310
1000200
999750
1218450
787050
995440
999180
1000370
1000190
999380
1000380
1000480
998980
1194880
808180
997860
999320
999480
999850
1001380
999010
999220
1000730
1162720
840640
997960
998520
1000580
999400
1000290
999590
1000520
999840
1162880
839970
998960
998320
1000090
999800
1000450
999650
1000430
1000020
1161490
840970
997630
999540
999570
1000920
999650
1000090
999250
1000260
1202750
802770
995620
1000220
998310
1000680
1000570
999790
998990
1000480
1162440
841380
997110
999300
999360
999320
1001790
998740
1001020
999260
1160460
842520
997440
999560
999980
999480
1001180
1000080
998930
1000270
1163120
841190
997740
998710
999130
1000700
1000000
999650
999100
1000660
1161970
841320
998280
999080
999430
999870
999840
999730
1001480
999470
1162400
841610
997130
998850
1000830
999770
998810
1001630
998520
999890
1164320
839620
997550
998660
1000160
998970
1002370
999100
999970
999240
1162510
841530
996610
999330
1000210
999700
1001000
999950
999370
999670
1162740
840420
998040
999150
1001080
998990
1000780
999550
999760
1000310
1161460
840570
998050
1000150
1000720
998580
1000220
998900
1001060
999580
1201370
802450
996630
1000440
998940
1000550
999690
1000640
999560
1000420
1161630
841370
997090
998870
1000630
999530
1000860
999060
999860
1000270
1162000
840840
998520
999420
999610
1000600
1000000
999900
998880
1000310
1566690
442730
992610
999150
999560
1000530
999100
999280
1000910
999220
1166270
836760
998950
999480
999830
1000470
998650
1000300
999810
999700
1163940
840570
996360
999780
999870
1000660
999170
999710
1000760
999280
1163790
839180
998150
999510
999730
1000330
1000600
999540
999570
1000040
1162760
840480
997690
998050
1000510
1001240
999650
999410
1000640
999850
1160650
841500
998250
1000600
999050
999650
999780
999990
999990
1000000
1163110
841650
996270
1000210
998410
1000670
999840
999810
999780
999830
1201790
802030
998260
999010
999040
999850
1000690
999930
998590
1000720
1161620
842310
996600
1000360
1000220
999670
999210
1000180
1000500
999400
1162560
840980
997530
1000750
998090
1000920
999440
999990
999880
999860
1162510
841510
997170
1000020
1000040
999810
999520
999640
1000560
999390
1162510
840540
998140
999330
1000680
999030
999570
1000690
998770
1001510
1161860
840410
999070
998880
999570
999740
1000500
999510
999890
1000080
1165260
838900
996760
1000710
998810
999840
999030
1001560
999200
1000190
1162390
840370
996770
1001240
1000310
998650
1000900
998760
1000200
999160
1161980
841740
997850
999420
1000450
999400
1001170
998430
1000170
1000720
1161450
841560
997310
999130
1000560
1000060
1000490
999250
999650
1000190
1199900
804980
996370
998410
1000790
999570
1000200
1001170
999220
999800
1162080
841180
997380
999980
1000420
998250
999710
1000190
999690
1001500
1161590
841460
996680
1000280
998940
1000430
999150
1000020
1000820
999930
1161570
842940
995750
999810
1000030
999930
999020
1000620
999890
1000800
1163810
839500
997190
999770
999790
1000140
999000
1000450
999940
1000080
1162010
841640
997620
998810
999430
1000670
1000200
999660
1000140
999350
1161260
841570
998580
999470
999980
999380
999380
1000080
1000620
1000210
1161190
842930
997060
999100
1001080
998690
999280
1001580
999200
999610
1161740
841510
997580
999520
1000290
999890
1000290
998780
1000700
999560
1162110
841620
997350
999690
1000310
999220
1000020
999840
1000450
1000010
1198050
805380
998020
998770
999040
1001400
998650
1000080
1000230
999930
1162280
842090
997490
999070
999630
999340
1000470
999690
1000790
999110
1161690
841580
999150
998880
999720
999380
998920
1000630
1000200
1000350
1162170
840240
997610
1001160
997380
1000840
1000300
1000950
998980
1000590
1162870
840750
996800
999230
999850
