848640
990120
997540
999300
999130
985840
1026650
990820
997950
999720
998890
1001310
999080
1000710
998960
986880
10954930
1076930
986560
999860
998120
998950
999670
999310
1000310
985270
1023300
992930
999480
998180
999180
1000230
1001240
999400
999030
986500
1018390
997390
999050
1000620
999360
1000120
999980
1000030
998990
986850
1021800
994860
997830
999010
999880
999800
1000680
999290
1000080
986600
1020150
996440
998820
999000
1000210
998870
1000810
1000050
998930
986410
1020680
995580
999350
998330
1000280
999960
999800
1001440
998280
986120
1018180
997260
999020
999090
1000910
999830
999850
1000230
1000370
985480
1021160
994860
998680
999960
1000470
999540
999950
999280
1000190
986200
1018900
996570
999360
998510
1001790
999510
999000
1000870
999640
985400
1019820
995870
999270
999060
999470
1000560
1000830
1000070
999600
985230
1019070
996920
998990
999680
999460
1000430
999960
1000090
999680
985130
1019080
998040
998480
999770
999830
1000100
1000130
999120
1001090
985140
1016770
998500
999490
998860
1000410
1000270
999760
999650
1000020
985590
1017740
998550
998930
1000030
999820
999510
1000730
1000060
999390
985480
1017660
997720
1000970
999640
999250
999270
1000460
999140
999990
986140
1017800
998420
998510
999700
999870
999430
1000200
999940
1000340
985630
1016320
999920
999620
999220
1000150
999540
999610
999970
1000960
984920
1019230
997770
997330
1000540
999760
1000040
999690
999120
1000810
986490
1016230
998170
999560
999210
999850
1000740
998960
999830
1000380
985430
1017940
998120
1000420
999650
999400
998940
1000340
1000670
999790
985620
1017810
997320
999510
999660
999080
1000830
1000740
999490
999870
986280
1015830
998490
999740
999450
1000520
999530
999950
998930
1001830
985580
1015820
999350
999260
999490
1001130
999310
999330
1000210
1000190
985530
1017790
997820
997850
1001080
999970
1000150
998880
1000010
1000600
985720
1017080
999290
998480
999780
1000120
999210
1000650
1000070
1000250
984860
1018050
997090
999690
1000270
999810
999650
1000170
1000570
999110
985850
1015970
998800
999090
1000980
999770
1000320
999590
1000400
999080
985050
1019580
996830
999550
999770
999800
1000190
999590
999590
999350
986710
1016840
998490
999220
1000370
999100
1001680
998300
1000100
1000430
984880
1018160
997850
999000
1000950
999950
1000150
999020
999550
1000460
985500
1016770
998480
1000130
998490
1001070
999640
999520
1000310
1000400
984710
1016270
1000020
998080
1001070
1000090
999810
999750
999620
1000180
985310
1016360
999070
999190
1001040
999250
999810
1000650
999220
999900
985920
1016930
997430
999610
1000950
999840
1000600
998460
1000620
1000320
984790
1016650
999220
998900
998920
1001170
1000180
999810
1000490
1000210
984550
1017300
999030
998930
999640
1000550
998640
1000410
1001220
999160
985250
1016140
998370
1000670
999920
999800
999290
1001980
998590
999700
985000
1021160
995100
999510
999940
1000300
999020
999670
1000370
1000470
985750
1015750
999220
998310
1000620
1000230
999630
1000850
998780
1000040
985850
1017070
998400
999510
999550
999560
1000010
1001190
1000100
999300
985540
1016510
999150
998030
1000420
1001070
999360
1000420
998550
1001400
985100
1017250
997780
998840
1000490
999460
1001390
998780
1000000
1000000
985330
1016820
998840
999600
999210
1001100
999130
999180
1001200
999850
985330
1017910
997340
999510
1000070
999970
1000080
999740
1000340
999360
987040
1014660
999000
999260
1000700
999160
1000120
999760
1000550
1000770
985600
1016440
997620
1000070
999090
1000160
1000090
999440
1000780
999090
987230
1179380
839890
995820
999450
998940
1000930
999380
1000120
999560
986600
1019440
995710
998170
1000160
1001700
998910
998940
1000250
999850
986400
1015890
999130
999350
999890
999970
1001360
998440
1000350
1000160
985700
1018100
996430
999300
1000420
1000630
998810
999790
1001310
999600
985340
1015640
998180
1000440
1000490
1000030
999400
1000030
1000310
999930
986610
1015570
998290
1000560
999470
998960
1000310
999990
999760
999220
987290
1016020
997980
999600
999700
1000030
999690
1000450
999720
1000920
984380
1019540
997150
998830
999660
1000330
1000300
999610
1000160
999650
985430
1018760
996690
998790
1000990
999540
1000380
1001060
998010
1000260
986100
1017310
997640
999470
998480
1001470
1000010
1000690
998760
1000480
986090
1016520
998430
998430
1000420
1001500
998730
999920
999480
999900
986600
1019440
996210
998500
999410
999020
1001180
999710
999980
1000340
986430
1015870
998880
998320
1000070
999980
1000460
999090
1000920
999680
985690
1017630
997960
998910
1000770
998520
1000520
1000120
999740
1000910
986410
1015160
998440
998580
1001010
999760
998930
1000170
1000200
1001040
985200
1018770
996890
998770
999860
1000350
999320
1000000
1000660
1000360
985250
1015330
1000350
998090
1000660
999740
1000350
999760
999270
1000580
985430
1016590
1000170
998800
999260
999270
1000530
1000360
999090
1000540
985310
1015870
1000140
999310
998990
1001190
999320
1000120
999470
1000530
985670
1016930
998610
998420
1000000
1000980
999720
999040
1000840
999810
985020
1018030
996830
1000220
999770
999840
1000410
999140
1000970
998990
986760
1019830
995490
999530
999370
1000060
998710
1000780
1000000
1000880
984680
1017800
998450
999170
999800
999490
999580
1000210
999870
1000410
985830
1016300
998660
999510
1000150
999100
1000170
999760
1000300
999760
986450
1015840
999770
997950
1000160
1000680
999520
999420
1000230
1000320
985530
1018290
997240
998500
999670
999960
1000360
999680
1000660
999440
986140
1017470
996900
1000520
999520
1000830
998480
1000100
1000260
1000560
985550
1016760
998030
1000580
999130
1000830
998600
999620
1000700
1000200
985600
1014800
1000370
998630
1000450
1000960
998440
1000200
1001040
999030
985860
1015790
999030
1001160
999030
1000270
998570
1000600
999620
999560
986210
1016010
999010
999540
999510
1001430
999040
999800
999550
1000910
985570
1017650
997540
998640
999670
1000710
1000340
999320
999990
999690
986280
1015890
999960
998370
999870
999870
999810
1000020
999870
1000010
985710
1019860
995660
999780
1000660
998470
1000670
999780
1000890
998560
985330
1017570
999160
998660
1000920
998610
1002070
998420
1000090
999190
986250
1018160
997210
998730
1000530
1000270
999400
999840
1000450
999420
985690
1017510
998660
998840
999560
1000900
1000020
998620
1000640
998870
985790
1017890
998780
998030
1000200
1000470
999330
999970
1000090
1001040
985600
1015520
998320
1000920
999010
999870
1000770
999300
1000170
1000190
984720
1017760
997910
999360
999230
1001150
999110
1000760
1000190
999490
985210
1017360
999010
998470
1000820
998860
1000030
1001140
999660
999270
984900
1021930
994890
998280
1000510
999430
1000890
999290
1000500
999170
986010
1016290
998890
999230
1000500
999060
1000910
1000140
999690
999310
985950
1017190
997960
999020
999900
1000570
1000430
1000250
999480
999410
985840
1016480
997950
1000550
999430
1000180
1000200
999650
1001020
998860
984440
1019070
997700
999740
998730
1000830
1000070
999840
1000240
999140
985670
1015960
999940
999510
999510
1000000
999590
1000490
1000100
999610
985010
1017970
998350
999050
999650
999430
1000420
1000260
999780
1000070
985950
1015900
998910
998640
1000610
1000930
999710
999960
999340
1000380
985330
1690630
329970
995850
998930
998140
1000060
1000520
999570
1000730
985980
1016700
998300
1000010
999280
1000290
998770
1000320
1000180
999500
985510
1021120
995420
998880
1000110
999770
999440
1001040
998760
1000120
986850
1015380
998940
999740
999890
