672780
989010
997420
1001280
998080
1000190
1000070
1000780
999900
984140
1023070
994210
999230
999780
999820
999340
999780
1000900
999180
985680
10662340
364760
992640
999720
998440
997990
999480
999800
1000360
998710
985640
1022970
993830
998840
999610
999360
999850
1000320
999630
999080
986080
1018720
996810
999640
1000900
999310
999740
1001050
999830
999150
984450
1023900
995190
997670
999320
999350
999950
999810
1000200
999490
985690
1017750
998460
999300
999360
1000370
1000010
999350
999810
1000050
986200
1023610
992060
998940
1000030
999820
999700
999850
1000530
999180
985990
1023480
993470
999530
998690
999530
999810
1001430
998340
1000210
985090
1025140
990970
999570
1000080
999870
998990
999900
1000350
1000790
984590
1020280
995670
999600
1000090
998640
1000400
999000
1000230
999860
985370
1024230
992380
998710
999720
1000470
999650
1000410
1000080
999340
985540
1021080
996240
997470
999740
1000890
999150
1000580
999960
999890
985560
1021760
995280
998390
999170
999520
999730
1000070
999660
1001510
984410
1018440
997780
999230
1000390
999000
999470
1000510
1000500
1000490
984970
1017720
997140
999970
999570
999570
999040
1000770
999920
1000050
985090
1017960
998960
999240
998630
1000870
999630
1000880
998930
1000590
985330
1017570
997560
1000010
998350
1000570
1000140
999450
1000350
999900
986190
1020360
996920
998060
998070
1000430
999870
999640
1000520
999880
985330
1018410
998930
998350
999250
999720
1001180
998150
1000870
999530
987150
1016000
999490
998080
1000590
1000110
998480
999610
1001130
999200
985730
1017940
998260
999270
999690
999940
1000410
998980
1000630
999860
985280
1016430
998990
999350
999500
1000190
999710
1000250
1000370
999710
984960
1018580
998740
998830
999180
1000020
999770
1000230
999730
999590
986290
1016770
998570
999080
1000390
999320
1000030
1000030
999860
999700
985710
1017650
997730
998630
1000280
1001100
1000490
998290
1001130
998770
986000
1017270
997380
999780
999730
1000420
1000090
998560
1001000
999870
985200
1018310
997160
999740
1001030
999600
998610
1000830
999740
1000080
985440
1021750
993790
1000210
999790
999550
999290
1001040
999950
999870
985430
1018370
997070
1000020
999280
999710
1000080
999400
1000050
1000060
985850
1016660
998320
1000370
999510
999540
1000240
1000170
999590
998960
986710
1017430
997380
999570
1000000
1000560
999420
1000290
999290
1000760
985660
1016880
998640
998080
1000060
1000260
1000160
1000550
998950
1000380
985750
1018180
995950
999950
1000360
1000360
998980
1000540
1000030
1000040
985250
1016240
999250
998810
1000710
999650
1000220
999560
1001300
998240
985760
1017900
998100
999510
1000720
998890
1000620
1000100
999260
999070
986380
1015980
1000060
998930
998700
1000750
999890
1000770
999270
999810
986540
1017770
997650
1000240
998110
999650
1001490
999010
1000070
1000140
984690
1018920
998080
999220
998490
1001300
998590
1000170
1000710
999460
985280
1017440
998360
998950
1000810
998830
999230
1001240
999710
999890
985440
1016400
998160
1000320
999840
1001050
998560
1000320
999500
1000670
985620
1019440
996460
999120
999430
1000080
1000150
999690
1000060
999850
986440
1016220
998730
999940
998390
1001180
999070
1001210
998270
1000250
986670
1016940
996910
1000840
998340
1000730
1000540
999630
1000280
999300
984930
1017290
998660
998050
999700
1001360
999940
1000230
1000460
998760
986330
1016540
998760
998870
999820
1001120
998690
1001050
999280
1000650
985050
1016340
998820
999790
999830
999760
999820
1000500
1000190
999110
985870
1017600
997960
999620
999360
1000030
1000170
999430
1001030
998780
986220
1019460
995990
999210
1000080
999750
1000550
999310
999790
1000780
985150
1016140
999140
999710
999020
1000180
1001190
998770
1000120
999980
986660
1015480
998450
999610
998740
1000310
1000340
1000860
999540
1000820
984550
1018060
998840
997820
999910
999750
1000240
999920
999030
1000690
985910
1016100
999070
999350
1000100
999930
1000250
999590
999920
1000300
985420
1017500
997710
999740
998800
999880
1000530
999770
1000510
1000280
984720
1015620
1000770
999180
999460
999620
999670
1000480
1000560
999540
986610
1016850
997830
999310
999290
999910
1000120
1000410
999760
1000040
986000
1016840
998230
999040
999560
999740
1000390
1000740
999180
1000030
986110
1017360
997580
999070
999200
1000590
1000020
999850
1001070
999740
984930
1019430
997410
998200
999810
1000710
998730
1000570
999150
1000990
984710
1017750
998770
998320
999740
999720
1000630
999580
1001000
999250
985800
1018210
996870
1000250
999220
999260
1000780
999670
1000190
999650
986450
1017070
998100
998780
1000650
998850
1000770
999100
1000230
1000470
985320
1016860
999590
998910
998620
1000620
999860
1000700
998710
1000200
986310
1017740
998110
998640
999580
999670
1000270
1000040
1000060
999620
985880
1017560
998140
999360
999730
1000090
999050
1000290
999890
1000640
985080
1018440
996070
1000060
999640
1000300
999850
1000040
1000020
999980
986030
1017450
998470
999900
999210
999050
1000360
999510
1000370
999690
985900
1017410
998460
998630
999920
999670
999550
1000080
1000480
999360
986270
1019130
995740
1000990
998720
999170
1001330
999530
1000070
999430
986730
1016360
999000
999510
999790
1000120
998910
1000520
999840
999730
985350
1015950
998670
1000070
1000110
999970
999710
999470
1000410
1000090
985910
1017860
997850
998340
1000060
1000580
999510
999310
999680
1000850
985150
1016710
1000420
998490
999490
1000120
999720
999770
1000300
1000240
985940
1017460
997610
999850
999650
999340
999080
1001070
999900
998920
986890
1016860
998970
999390
999380
999880
999960
999570
999570
1000480
986040
1016870
998180
999340
1000420
998730
1001120
998890
999780
999980
986050
1017260
998510
999150
999560
1000670
999180
1000170
1000030
1000250
985300
1017920
997420
999450
999750
1000430
999360
999430
1000960
1000570
985270
1021230
994300
998420
1000590
999460
999790
999890
1000290
1000300
984880
1018220
997960
999630
999290
999170
1000140
1000670
999410
1000110
985490
1015900
999170
1000110
999550
1000230
999780
999910
999440
999920
985990
1018210
998290
998640
999800
999760
1000620
998600
999950
1000450
985760
1015750
1000030
998790
1000210
1000450
999630
999980
999430
999790
985860
1017710
997900
998530
1000280
1001360
999950
999590
998930
999770
985810
1016790
998250
1000020
1000440
999290
1001030
998950
999190
1001150
984790
1017540
998990
998610
999760
1000690
999590
1000690
999380
999380
986130
1016290
999000
999310
998990
1000010
1000040
1000930
999520
999800
985060
1017010
998850
999850
1000350
999680
999830
1000880
999880
998250
986200
1019500
996690
998720
1000210
999500
999870
999690
1000950
999030
985870
1018660
998440
997390
1001430
998780
1000240
999150
1000260
1000100
985140
1016040
999500
999340
999230
1001260
1000100
999190
1000440
998930
986600
1017160
998840
999050
998960
1000420
1000200
1000470
999870
999540
984200
1016950
999130
1000090
1000060
998710
1000180
1001230
998850
999990
986310
1544880
475330
996080
998740
999510
999280
1000200
999800
1000410
986720
1015870
998360
998410
1000570
999710
1001100
998550
1000940
1000270
985770
1017570
997210
998680
1000190
999320
999880
1000930
999450
999720
986350
1017770
996960
999780
999490
999560
1000050
1001310
999200
999780
986140
1018570
998350
997680
1000110
1000280
999900
998850
1000480
999180
986340
1020820
995010
999310
999930
999270
999430
1000640
1000260
999340
986220
1017930
998280
998550
999150
1000170
1000020
1000110
1000090
999840
