142300
410520
989350
1000790
999480
1000830
997520
1000360
999760
1003060
1200240
10198210
608460
992440
997640
1000470
999530
1001620
997690
1001410
997380
1204620
20241740
567250
989060
1000270
998440
1001270
999290
999140
1001260
999340
2176700
3339890
499960
984540
999870
1000170
999470
1199920
812360
989650
997300
1000370
1000630
999460
1000510
998900
1001820
1510670
499010
992980
996290
999010
1000930
999440
1000750
998390
999500
1410200
600260
993230
997790
1000490
1000370
1001090
998470
999270
999350
1145990
859400
997990
997900
997960
1001110
999670
1000750
1000030
1001050
1261330
10234140
513430
991320
998480
1002230
997080
1001870
997870
1002310
998990
11404040
141360
465750
990050
1000010
999340
999250
999520
1001030
1000140
999840
1103170
901540
996180
998470
1002350
997890
1000780
997330
1003080
996480
1173920
10202840
635960
990850
1000020
998670
999850
999530
1001830
997240
1002220
11240630
141640
627650
992310
997120
1000120
1001890
998500
1000530
998970
999700
1132430
10245950
629830
995470
997690
999610
998840
1000960
999410
998880
999860
1103440
10267470
642180
990340
999790
997800
1001540
998710
1001820
999560
998870
11231120
144840
633440
992280
998220
1000710
999030
999340
1000290
1000050
1001310
1102350
10277520
631120
990230
997800
998810
1000870
1000780
1000660
1000670
998770
1200820
806420
996680
995870
999750
1000160
1001090
999180
998660
1001830
11240310
143410
626110
990360
1000550
1000890
997800
1002170
997660
1000140
998990
1103880
10266430
640170
990980
999520
999180
1002150
997900
1000430
998580
1002130
1129850
10251790
630230
988470
1000120
999810
999080
1000720
998610
1000810
1000670
1160250
10210670
641000
989910
998400
998020
1001090
999400
1000740
1000760
997820
1102210
10267680
642840
992550
998040
998650
1000720
997680
1001030
1000370
1001150
1099120
10274940
635710
990660
998890
999760
998780
1002730
997770
1000620
999620
11236880
142550
633060
989160
998510
999840
999730
998490
1002180
999710
999690
1103850
10272430
637610
987520
1000020
999610
999540
997270
1003030
998750
1000560
1161790
10219410
632270
989610
998960
997590
999530
1000400
999620
999860
1001170
21264620
143840
604160
989220
999350
998070
1001720
997780
1002280
998080
1000480
1157260
10242490
613240
989390
998150
1001770
998360
998270
999790
1001120
1002840
1154060
850220
995280
998640
998840
1000250
998490
1002460
999170
1000550
1156610
10241360
612350
991620
998270
998730
1001440
997660
1000790
999770
1000480
1202700
806790
994150
998970
999450
998590
1001490
999390
999930
1000070
1218270
795050
988210
997620
1001120
999260
999730
999750
999910
999600
1152900
852460
997340
997560
1001330
997920
1002800
998600
998870
1000600
1152580
853040
995720
998780
1000000
999770
999760
1000880
1000430
998770
1151750
853590
995500
1000160
998950
1001090
998690
1000500
1000910
1001690
1149230
851980
997710
997650
999890
1000720
1000810
999930
1000220
999720
1153650
849600
998220
997660
1000870
999910
999440
1000890
1000460
999750
1152370
851270
996780
998930
999390
1000520
1000340
999760
1000420
999780
1153370
852130
994780
998610
1001520
1000020
1000220
998750
999960
999510
1153250
854040
994660
997670
1001390
999880
998160
1002660
997390
1002410
1215860
791770
992770
999480
997480
1001980
999400
1002910
997760
999940
1151320
852730
997190
999050
999490
999230
999840
1000810
1000570
999350
1152690
851090
997630
998860
999850
999700
1000160
1000630
1002220
998760
1147240
856340
997080
999580
999120
998620
1000740
1000350
999280
1000940
1151810
852720
995710
997980
1002260
998580
1001480
998390
1001600
998340
1149680
855250
995480
1000290
999070
1000320
1000640
999440
1000850
1001340
1149910
852630
996620
999470
999270
999820
1001700
999010
999810
1000540
1232840
773640
993380
999370
999690
999220
1000840
1000490
1001110
999370
1157640
10248510
605460
989220
997900
999700
1001660
999130
1001710
998740
1001510
1158350
10243710
605170
992910
999640
1000290
998260
1001290
999120
1000350
1000570
11267580
140920
601940
988720
999600
1000510
1001120
998360
999270
1002620
998220
11264430
143700
603990
990820
997130
999640
1000010
998780
1001510
999800
1000180
1160100
20225940
625460
989700
1000290
998990
999280
1000980
998100
1001990
999410
1130200
875860
994860
996820
1002930
997480
1001990
998720
1001560
999540
1100000
10267080
643560
990640
1000850
997900
999640
1000930
999830
998950
999010
1103360
10262790
646930
989080
1001160
997470
1000190
998970
1000870
998880
1002600
1166380
10208880
634170
990910
998190
1001630
998080
1001830
998210
1002640
998040
11238330
140470
631190
990920
1000240
998890
1000720
999500
997940
1000800
1001650
1102040
10266850
642230
988110
1001660
997790
1001850
999550
999550
998330
1002190
1102000
10268300
641000
989770
998570
1000070
999830
1000090
998110
1001190
998530
1105450
10262160
645050
991310
999280
997960
999750
1000980
999480
1000990
999410
1176180
10200360
634540
991480
998050
999450
1000130
999460
1000530
999880
999980
1129050
10245220
635300
990640
1000760
999550
998870
1000240
999610
999970
1000560
1134580
10260100
617010
989010
1000880
999750
997540
1002460
999230
1000590
999770
1156280
10244100
609710
991650
997930
999410
1000420
999000
1000510
999980
1000510
1160190
10243700
605320
993810
997460
999150
999680
999360
999600
1001200
1001190
1158570
848090
993190
1001250
996770
1002440
998460
1001890
997350
1001450
1212290
793600
994060
1000040
1000500
999720
999240
1000350
999840
1000040
1153990
883150
965070
997830
998050
1000770
1001050
999980
999390
1000200
1153040
851560
997900
998870
1001340
999500
998490
1000000
999990
1000300
1150200
851970
998420
997330
1000040
1002280
998870
1000580
999550
1000160
1151640
853990
997340
996270
1001840
998530
1003530
997190
999370
1000290
1149280
855430
997190
998220
1001210
998580
999790
1000880
999850
1000470
1152590
852640
996240
999270
998340
999490
1000330
1002330
997850
1000140
1237100
772170
993840
996910
997080
1003330
999470
999110
1001650
999510
1156100
10248000
607050
988980
1000650
998430
1000110
1001240
1000000
1000270
999080
11260500
143040
608800
990060
998340
999290
999120
999440
1001120
999890
1001350
1157870
10247250
605630
989620
998930
999820
999790
998790
1000970
999710
1000270
1208490
10199100
604620
989440
998490
1001180
998340
1000060
1001740
1000070
998240
1160150
847380
994210
999210
1000090
1000150
999460
1001280
998020
999570
1154950
851210
996490
997540
1001090
999040
1000180
1001290
998900
999430
1154840
850320
996060
1000620
999210
1000300
1000340
999580
997830
1001490
1148750
854250
996970
1002560
997330
1000720
999710
1000840
999750
998470
1152520
852470
996860
998580
1001390
998790
1000620
999880
1001150
998560
1152860
851740
995670
1000370
998530
1000610
1000040
1001030
999140
999800
1150520
854400
995450
998890
1001330
1000640
997570
1001400
1000950
998370
1151560
852130
998660
1000860
998810
999030
999670
999800
1001140
999400
1241060
766530
994040
998800
1000620
998530
1000130
1000400
999790
1001300
1156180
10243880
610240
990150
998680
1000210
998380
1001800
999000
1000420
999620
1160630
10242240
609120
989070
1000750
998260
1000620
999010
1000140
1001200
999860
1159910
10234730
613480
992710
998810
1000230
999950
1000020
998830
1001200
999080
1208020
10195740
609300
988960
998720
998460
999700
1000020
1001970
999550
997910
1162750
846130
995900
998240
998530
1000590
999570
999430
1000800
997850
1191510
3429490
393050
990840
12410220
603550
985360
1180840
823470
995590
997630
1002450
998280
1000450
999020
1001050
