668680
996420
996080
999720
999350
1000810
999340
998880
1001130
984910
1023520
994470
998240
998620
1000460
999660
1001260
998900
999790
984560
1023610
993330
998600
999530
999630
1000270
999770
1000470
1001850
984450
1019630
996720
998930
1000270
997700
1000880
999720
1001650
999530
983280
7941500
128210
947490
983920
1019870
996850
997690
1000790
999860
1001850
996920
1000610
1000430
984570
1027120
990480
997500
1000240
1000840
998170
1000060
1002470
998450
984550
1023230
994450
999030
997120
1001340
1000950
1001280
997090
1001810
983550
1025950
990140
999250
1001310
998590
999680
999880
1000690
999860
984660
1021880
996120
996790
1001210
998920
1001110
999070
1000380
1000410
984840
1025870
991080
998120
999870
1000160
998740
1001310
999330
999250
985300
1021370
995280
1000030
999140
1001450
997350
1000940
999110
1000980
984370
1021460
995920
998570
1001430
998120
1000580
999100
1001480
998150
987270
1017980
997330
999270
1000090
998450
1000800
999530
1000400
999550
985690
1019400
996450
998050
1000150
999490
999560
1002450
998310
999400
987230
1026240
992040
996670
999010
999350
1001140
998260
1003050
998940
984410
1018780
998300
997930
999530
998940
1000030
999900
1002930
999500
984880
1019000
997270
998790
999160
1000900
998180
1000520
999420
1000310
986320
1019950
994610
1001260
998560
998170
1001780
999050
999970
1000550
985020
1019110
998770
997150
1001290
998050
1000260
999630
1001430
1000880
983760
1020170
997210
998130
999940
999500
998030
1001960
999090
1000610
984590
1021220
996610
999000
999270
999400
1001420
998580
999650
1001040
985710
1021960
995320
997820
999580
998780
1000310
997890
1002520
998960
985360
1020490
996940
998580
1000350
998700
1000540
999620
999500
1001280
984070
1020930
994330
1001080
998730
999320
998960
1000940
1001010
1000690
983650
1018290
997490
1000940
999080
999630
1000290
998810
1001390
999720
986010
1019240
995990
999130
999320
1000690
1000700
999170
999180
1000570
985540
1019130
997290
999100
998840
999800
999160
1001930
998950
1000800
983930
1021700
995290
998390
1001220
998630
999480
1001630
1000640
997760
986680
1019770
994880
1000290
998780
999310
1000520
999940
1000570
999440
986010
1019190
996690
999860
997620
1000970
998890
1001000
999860
1000750
984030
1020630
996270
999270
998740
1000440
1000680
1000110
1000420
998460
984350
1024730
995240
996900
1000090
998450
1000070
999770
999960
1001710
985670
1016660
997410
1000320
999010
999640
999920
1000060
1001160
997620
986170
1019630
997200
1001610
997190
1000750
998700
999840
1000540
1000210
985130
1021050
996940
996440
1001320
999450
1000930
999500
998990
998510
987570
1019160
997230
999180
997970
1001510
998660
999730
1001060
1000400
984000
1020420
996440
998200
998750
1001670
998950
1000100
999770
1001260
985680
1020540
995890
997680
1000140
1000560
999640
999630
1000000
999450
985870
1018730
996700
999860
998660
1001190
999740
998400
1000850
1001850
982690
1020240
996910
1000280
997850
1000480
1000480
998440
1000850
1000770
985980
1018560
996500
998720
1000650
998980
999190
1000530
1000880
999470
985680
1021860
995560
999520
998310
998470
1001740
998740
999880
999910
985680
1020000
996500
999720
999120
999300
999870
999930
997760
1002350
985700
1020650
995680
998740
1000620
999710
999870
1000300
1000210
999490
982230
1021870
997640
998770
998640
1000330
1000860
997050
1001210
999860
986570
1017940
998550
998170
998280
999530
999750
1002520
999140
999840
985740
1020540
996160
998810
998570
1001360
999630
1001350
997700
1000610
985880
1018590
998850
998710
999370
998310
999570
999720
1002590
998360
986410
1016770
998400
998830
998180
1000880
1000950
999790
999440
1000650
985900
1017960
996680
999920
997700
1004050
997850
1000720
998120
1000710
985450
1021740
995050
996910
1001970
998850
1001300
998610
999250
1000410
985820
1023070
996040
996500
998580
999960
1001250
998540
1000490
1001050
985050
1021520
993040
1000880
998980
999870
999450
1001820
997700
1001920
984820
1018430
996050
1000980
998260
999850
1000010
999680
1001320
1000610
984510
1021350
995950
997550
1000170
998600
1000730
1000360
998730
1000870
985910
1020280
996680
997140
1000700
1001090
998360
1000630
999040
1000810
984610
1018530
998260
999080
999220
1000520
1000330
999390
999550
999850
986410
1018970
997280
997020
1000460
999400
1001790
998320
1000970
998220
988120
1018100
996160
1000040
997740
999960
1003870
996830
1001470
1000370
984190
1018650
997540
999530
999570
1000410
999150
1000210
1000900
998070
985980
1019600
996310
999910
999820
999600
999640
999360
1000940
998980
985420
1020510
997020
996830
1001290
999250
1000060
998840
1001040
1000030
985020
1019170
997470
1000770
998800
999650
998170
1002020
1000230
1000740
983570
1018520
998550
998080
998820
1001950
998520
999050
1000780
1000430
985460
1018300
998650
997080
1001290
998740
1001120
998760
1000490
1001920
983350
1017790
996760
1000890
1000170
999220
1000310
998690
999760
1001910
985170
1021820
995390
999420
997590
999220
999790
999350
1002090
999000
986720
1017270
998530
998370
1000900
999310
999130
998160
1002290
999040
985770
1019940
996200
999490
998600
1002250
998200
1000300
999700
1001360
983700
1020730
995200
1001130
996720
1001310
1001400
999630
998730
999430
984170
1173040
847840
997800
998000
1000490
1001290
996700
1002760
998020
987190
1020430
996260
999250
997250
1000420
999840
1000550
999330
1000510
984630
1019880
995900
999460
1000030
998600
1000640
1000880
999270
1001380
984000
1020380
997470
996260
1001240
1000280
999640
999700
999810
1000120
985420
1019020
996860
1000120
1001100
997540
999590
1001870
1000300
998720
985070
1020350
994200
1002540
996700
1002320
998600
1000720
999050
1000000
985200
1019570
996050
1000480
999840
998610
1000560
1000800
998270
1000690
985110
1018980
998520
1000130
997930
998860
1001230
997600
1002070
999570
984600
1019150
998070
999860
998870
999550
1000440
998970
999530
1001060
985180
1021380
997170
996790
1000410
998770
1000430
1000520
998680
1000380
984440
1019520
1000060
996790
999400
1000350
1001530
997930
999870
1000130
985840
1021330
996360
997490
998260
1001610
1000410
999810
998050
1000690
985720
1020880
994520
1000190
999130
999680
1000800
1001170
997330
1000630
986680
1019530
996020
999580
998640
1000210
999670
999060
1000620
999470
986840
1019010
996560
1000340
997540
1000890
999520
999070
1000690
999430
984920
1021280
996150
997900
1000930
1001790
998220
1000600
999320
999330
986030
1020530
995350
998030
1002050
999410
999690
998400
1001950
999060
987150
1014820
999390
998750
1000290
999820
1000230
998770
1000320
1000860
984820
1019840
996750
999180
998810
1002040
998930
998740
1001540
998720
986310
1017570
997070
999940
1000220
998260
1000000
999620
1002090
999680
986100
1018480
998070
997200
1000790
999960
1000870
998040
998430
1001570
984530
1022140
995360
999280
999030
1001220
997750
1001630
998110
1001730
984500
1019720
997880
997520
1000870
998930
1000440
998340
1001300
999180
986750
1018300
997200
997630
1001760
998410
1000980
998750
1001490
999130
984780
1021370
995390
997840
1001200
999070
1000180
999590
1000300
999840
984400
1021520
996360
999060
1000350
998540
1000000
1000120
1000430
999430
984950
1019620
998110
998200
999410
998850
1002170
997800
1000880
999850
985020
1018230
998250
998070
1000830
999560
1002520
1002340
1000580
999850
983740
1026340
988410
1000630
999040
999900
998800
1000480
1000960
1002310
983550
1021930
991100
1001520
996180
1003040
997100
