845870
996460
997810
1000100
999240
1000830
999210
1001530
997850
986760
1025170
989160
999260
999820
998450
1001230
1001270
998440
1000960
985100
1440730
579690
996180
998990
999240
1001000
1001340
997450
1000920
985600
1026570
990110
997280
1000100
999580
1003000
997210
1000520
1000020
985510
8934190
1087510
999800
994780
997800
999920
1000370
1000580
998860
999620
1000220
985790
1019640
997270
998650
997920
1001810
1000140
999910
998790
1000900
983700
1021210
998310
996570
1000070
998520
1002780
998640
1001770
998250
983950
1023690
996210
995700
1000740
998150
1001540
999640
999630
1000520
984890
1023230
991970
1000070
1000030
1000530
999410
1000490
997440
1002380
984620
1020620
996030
999390
998720
999940
1001120
998700
1000530
999760
986410
1018240
997230
997990
1000270
999420
999660
1000600
1000680
1000050
984850
1021640
993900
999880
998900
999370
1000560
1001380
998590
1000990
985720
1020190
993820
1000560
998450
1000720
999110
1000950
999590
999700
986750
1017540
997280
999790
998980
998900
1002660
1000590
997110
1001380
986210
1015500
999370
998620
999460
999840
1000130
1001540
999900
999360
985850
1018820
996820
1001560
996890
999440
1000340
1001570
996750
1001140
986910
1018800
997360
997060
1000810
999170
1000880
1000420
1000160
998530
987700
1016800
998350
997030
1000180
1000650
999350
999980
1000870
999990
985010
1019960
995600
1000240
998940
1002140
997150
1000930
999690
999650
984620
1021630
996050
997870
1000630
1000290
1000510
999780
998810
999250
985990
1018420
998630
996430
1001140
999010
1001960
998660
1001010
1001300
983600
1021620
995270
998700
997760
1001070
999300
1002440
996860
1003690
984730
1018240
995530
1000170
999990
999320
1000070
998500
1003190
997720
986210
1018340
998320
996560
1001130
998700
1001810
998320
1001370
999700
984150
1021480
997740
996720
999570
1000760
1000190
999650
999600
999190
987050
1155780
861450
998080
999150
998230
1001790
999480
1001420
999210
985230
1019010
996700
999750
998860
999100
1002620
998480
1000340
997980
987250
1018580
995100
999900
1001220
999700
1001790
998980
998590
999450
986390
1018970
996540
998550
999960
1000810
1000060
999500
1000630
997900
985490
1020510
997950
997400
1001080
999290
999740
999550
1002480
998330
985250
1019920
995400
999160
999760
1000690
999470
1000160
1000780
999300
984580
1023420
993550
999560
998840
1000510
1000860
999960
998660
999220
987020
1017740
997450
998210
1001220
999560
999430
999040
1001460
999160
984920
1017250
999500
999120
999020
1000420
999910
1000530
997750
1002290
985770
1019450
994980
998890
999640
1000070
999520
1001750
999750
1000120
985560
1017830
997720
998920
999030
999480
1001830
1000220
1000050
998000
986180
1020870
995320
999610
998800
999950
998410
1001180
1000930
999310
985500
1019620
995720
1000160
998430
1000390
999410
1002150
998810
1000920
983430
1020340
998210
997730
1000230
997930
1002460
999090
1000520
998680
986980
1018580
997690
998660
998760
1000190
999540
1001360
998140
1000380
985570
1019550
998070
997130
998360
1002290
998530
1001220
998330
1000320
986540
1021320
994390
999320
999190
999250
1000930
999520
1000820
1000540
984350
1019380
999230
995660
1000200
1000320
1001120
999600
998900
1000400
984670
1019310
997030
1002540
996940
1000620
998050
1000240
1000530
1000780
984080
1021320
995490
997910
999690
999760
1000770
998960
1002020
999740
987120
1017120
996920
997780
1000690
999580
1000540
999990
999150
999840
986230
1018230
997180
999440
998420
1001500
999170
999660
999960
1001010
985230
1021910
993840
1000040
997160
1000750
1000630
999540
1001280
999940
985790
1021300
995160
998040
999160
999140
1000900
999610
1001460
999450
984710
1017090
997540
1002140
998410
999440
999890
999740
999830
1001820
985220
1019210
995010
1000780
999110
998940
999850
1002290
998830
1000670
985540
1020640
993800
1000320
998680
998030
1002450
1000410
999190
998770
985970
1022080
995600
996400
1001480
1000910
1000320
998360
999900
1000020
985880
1020950
995220
1000680
996520
1000040
999950
1001150
999060
999990
984510
1021320
996630
997500
999780
1001180
1000680
998550
1000750
1000050
985220
1019040
998720
996890
999550
998930
1001280
999610
1000100
1000840
985640
1019400
995390
998340
999410
1000180
1001800
1000090
998350
1002240
984730
1020280
994670
999950
998800
999480
1001340
1000440
998200
999990
986800
1018720
996880
997920
1001940
997770
1000610
1000760
1000600
999600
984330
1019660
1000040
995320
1000560
999720
999150
1001450
998220
1002530
984350
1016260
999840
999520
998230
1000080
1000740
1000120
1000260
1000130
985080
1019700
995450
997980
1002310
998510
1000540
997960
1000850
1000190
985530
1018220
998110
998620
999900
999570
999260
1001900
997870
1002020
984470
1018410
998490
1000120
996810
1003000
998660
1000110
999080
1000600
984700
1019510
995420
999780
1000620
998680
1001320
998330
1001300
999530
986160
1017950
997270
1000330
999130
1000930
998370
1000670
1000600
999160
984280
1020490
996110
999400
999480
999980
1000000
1000410
999020
999410
986670
1020930
993770
998570
1001530
998980
1001050
998180
1001400
999430
986430
1020660
996070
997350
1000910
999600
1001000
999520
1000380
998960
985800
1018950
996180
998560
1000010
1000300
999580
1000230
1000400
1000020
985410
1022160
994070
998660
1000070
998650
1000320
999450
1003230
997430
986080
1021400
995770
996150
1000830
999110
999850
1001010
1000070
1001820
983690
1020510
995900
1000300
997980
999410
1000870
999100
1000540
999660
984400
1027860
990040
997930
1000440
998940
1001240
999760
1000240
1000130
987860
1015540
998860
996920
999830
1001480
998920
1000650
999160
1000860
985070
1018860
996890
1000370
999000
998720
1000490
1000500
999120
1000960
984290
1022590
993600
997260
1001090
1000080
1000790
999480
1000980
998950
986490
1016780
999300
996940
1002000
998480
999660
999440
1001460
1000090
984970
1019640
997310
997710
999660
1000870
1000360
999330
999530
1000010
985330
1019820
997170
998540
999890
999660
1000150
999790
1000730
998700
985510
1021100
995830
998100
999990
999690
1002450
996830
999950
1001630
984830
1021770
993910
999610
999740
1000490
998660
999720
1000590
1000990
985880
1019520
995160
997130
1000170
1002330
997970
1000280
1000410
998900
987400
1018760
997460
997580
1000410
999330
1000990
998750
1001270
1000280
984550
1017900
996950
999730
1001280
999310
998820
1001570
1000470
1000860
982590
1021080
995360
999180
998610
1000690
999860
999810
1000050
1000930
983100
1019950
996030
999900
1001480
999290
999410
1001080
999120
999610
986490
1018080
997420
998590
999170
1001300
1000180
998940
1000690
1001500
984120
1020150
995420
997530
1001110
998560
999990
1003100
999080
1001050
982310
1020880
995880
998450
998970
1001030
1000560
999390
999230
1001500
984790
1020200
996680
998120
1000050
1001570
998840
1000460
1000940
998840
984700
1021280
994000
998550
999590
1001870
1000460
999400
999850
1000860
983780
1021480
994480
999700
1001630
997710
999290
1001920
998820
998170
986980
1017860
999720
997580
1000460
999810
999080
1000020
1001140
1000600
984480
1018380
996920
999180
999160
1001400
998920
999820
999620
1000390
984800
1020790
995170
998400
1001110
999020
1001170
999880
999990
1000640
985480
1019270
995910
998100
999790
1001960
997900
999760
1001100
998870
986690
1020250
995550
999290
1000240
998510
1000490
1001660
998650
1000910
985510
1017610
996000
999580
999230
1001400
998800
1001300
999880
1000310
985650
1019180
997480
996430
999920
1000010
1001520
999160
1000260
