9847130
10684250
9313990
9995600
10000030
10000880
10001220
9997040
9998070
10000240
9999390
9998990
10000490
10002160
10000680
10000140
9998680
9999430
9999280
10000640
9998710
10000940
10000510
10010640
9990200
10001510
9997120
10000270
9999640
10000760
9999060
10000190
10000610
9999270
10000090
10001610
9998090
10000880
9999620
9999760
10000000
10000100
10000520
9998560
10000670
10001720
9999930
9999370
9998670
10001710
9999450
9999950
10000060
9998660
10000420
10002210
9998580
9999770
10000130
10000410
9998800
9999550
10001530
9999590
9999730
10000730
9998640
10001850
9997550
10001780
9997440
10010020
9992680
10000110
9999280
10000820
9999130
10000470
9999810
9999920
10000010
10000030
10000280
9999680
9999510
10002710
9998810
9999730
9998890
10000170
10000480
9999130
10000570
10000250
10000410
9999470
9998850
10000980
10000450
10000200
9999390
9999980
9999470
10000330
10001230
10001630
9995820
10000350
10000910
9999790
9999650
10001270
9999270
9999040
10001390
10000940
10000080
9997610
10000150
10007840
9993550
9998860
10002000
9999580
9998350
10002480
9997780
9999760
10002350
9999000
9998500
10000140
10001600
9999330
9998940
10002730
9997910
9999270
9999870
10000760
10001090
9999430
10000700
9999930
9999060
10001540
10000180
9998270
10001590
9999530
9998760
9999140
10000290
10000910
10001390
10000150
9998050
9999490
10001090
10002300
9997970
10000420
9997890
10000060
10002370
9999940
9998780
10000910
9998230
10000710
9999600
10000190
10000630
10000240
10000630
10006820
9993990
9998450
9999950
10000630
9999030
9998550
10000510
10001450
10000010
10001150
9998370
9999130
10001710
9998130
10001170
10000410
9998750
9999600
9999610
10001760
10000780
9998600
10001080
10000020
10000010
10001390
9998140
9999570
10000160
10000720
9998580
10007510
9993010
10000960
9999260
9999560
9999640
10000100
9999570
10003410
9997720
10000830
9998740
10002660
9997810
9998460
10001390
10005670
9995410
10001970
9998140
9998720
10000600
10000270
9998690
10001850
9998890
9999300
10001170
10000060
9998450
9999960
10001980
9997720
10001550
9999610
10000040
10000930
9999360
10000530
9999720
10000760
9998210
10001670
9998940
10000180
9998850
10000050
10000820
10000970
10000450
9999760
9998340
10000770
9999560
10000130
10000350
10001350
9998660
9999580
9999760
9999900
10000580
10001010
9999120
9999830
10001050
9997200
10001520
10001430
10000440
9998550
9999730
10007020
9994880
9998380
9999470
10000760
10000610
9997920
10001060
10002100
10000560
9997900
9998540
10000730
10000430
10000550
9998600
10003310
9997560
9999590
9998990
10001270
9999200
9999260
10000700
9999790
10000280
10000660
9999020
10000400
10000300
10000060
10000430
9998380
10002800
9998940
9999070
10001520
9999350
9998760
10000890
10006500
9994200
9999620
9998940
10000840
10001220
10000660
9998370
9999250
10000650
9999720
10000240
9999300
10000760
9998640
10001060
10002120
9997750
9999490
10000110
10001360
9998660
10000660
9999070
10000440
10000220
10002240
9997880
10000350
9999640
9999520
10000050
10003250
9997330
10000980
9998180
10003670
9997960
9998730
9999940
9999480
10000150
10000010
10000420
10000600
10000560
10000150
9997740
10001300
9999550
9999800
10000140
10000220
10000190
9999250
10000230
10001930
9999520
9999160
9999350
10000590
9999950
10000580
9997760
10009550
9993320
10001160
9998370
9999380
10000440
9999830
10000270
10000260
9999460
9999830
9998700
10003070
9998630
9999440
10001270
9998150
10000140
10000180
10001080
10000690
9999530
10000940
9997620
10001030
10000720
9998710
10000680
9999310
9998550
10001490
9999530
10001160
10000050
9999580
9998590
10001190
9998940
10001120
10000000
10005540
9994970
10001470
9997760
10000750
10000460
9999210
9999790
10000480
9998850
9999680
10000710
10000750
9999660
9999360
10000010
9999370
10001220
9998200
10001430
9998890
10002470
10000410
9999240
9999380
10000570
9998570
10000340
9999720
9999740
10000460
10000280
10001760
9999220
9999000
9998250
10002360
9998720
10000160
10000740
9999460
10002090
10001530
9996480
10001020
9998840
10000990
10000060
9998050
10001560
9999190
10001130
10001310
9997020
10000800
10001240
9999850
9999500
10000520
9998620
10000260
9999760
10002900
9997670
10006690
9995040
9998820
9998100
10002000
9998760
10001060
10000160
10001500
9997950
10000500
9999370
10000310
9999200
10001270
9999890
9998600
10000050
10001750
9999380
9998810
10000240
10000030
10000670
9999770
10000710
9998010
10003050
10000650
9997030
10000500
10000370
10003700
9997540
9999680
9998130
10001080
10000040
10000720
9998130
9999950
10000440
10001180
9999230
10000090
9999900
10000850
9999330
10001220
9999660
9999780
9999710
9999580
9999260
10000180
10001000
10013850
10009040
9983790
9993330
10000580
10003920
9996480
9998050
10001240
9997410
10001310
9998280
9999900
10000260
10000110
10000260
10001090
9998820
10004350
9995620
10001790
9997830
10000980
9998940
10000300
9999500
10001240
9999630
10002960
9996540
10001310
9998280
10000700
10001510
9999770
9999260
10001170
9998020
10004010
9995600
10002630
9998790
9998440
10001140
10000330
9999150
10000300
9998660
10014990
9988130
9999240
9998310
10001860
9998640
10000550
10000030
10000210
9998580
10003720
9997390
9999640
10001080
10000460
9998750
10001260
9997710
10001450
9999490
10001520
9997840
10001180
9999560
10000450
9999360
10001490
9998400
10000360
9999430
10003250
9996800
10003690
9996580
10001560
9998720
10000450
9998630
10002010
9998620
10001900
9998550
10000490
9998320
10002360
9997890
10000410
9998770
10000280
10001310
10001300
9997320
10002520
9999540
10000750
9998630
10000220
9999660
10001000
9998600
10001520
9997970
10001410
9999140
10003010
9997230
10001290
9998600
10000870
9998460
10004430
9996210
10000350
9999800
10002140
9997520
10000830
9998650
10001490
9999700
10002340
9996150
10001240
9999250
10001040
9999110
10000740
9999720
10000330
9999460
10003740
9996300
10000880
9999040
10000770
9999050
10001280
9999760
10000820
9997820
10002830
9997580
10001590
9997470
10011970
9990570
9999610
10000440
10001060
9997820
10001500
9998130
10001900
9997570
10001280
10000450
9999540
9999760
9999710
9999340
10010440
9990880
10000210
9999400
9999880
9998910
10000620
10000230
10006570
9994780
10000790
9997880
10000050
9999200
10002100
9997820
10001530
10000160
9998980
10000620
10000580
9999400
10000370
9999040
10000960
9999150
9998930
10000230
10002410
9998090
10002630
9996620
10001480
9999460
9999780
10000540
10000610
9998620
10000350
10000340
10001220
9998180
10000470
10000120
9999200
10000430
10000920
9998700
10000170
10000240
10003340
9997530
10000110
9999590
10001580
9999010
10000550
9998460
10001340
9998610
10002720
9997720
9999770
9999340
10002060
9998870
10000420
9998200
10000700
9998660
10004420
9996980
10001940
9997500
10002400
9998880
10000370
9998690
10000440
9999150
10004650
9995930
10000550
10001050
10000100
9998160
10000810
9999100
10011240
9990370
10002620
9996780
10000030
9999340
10001970
9998750
10000790
9998080
10000730
10000660
10001760
9998260
9999820
10000040
9999200
9999960
10000560
9999150
10001940
9999340
10001720
9997890
10001120
9998310
10000560
10000390
10000470
9999690
10000020
9999050
10001880
9997700
10001300
9998540
10001480
9999720
10000130
9998570
10001570
9997840
10003840
9996610
10004080
9998870
9998950
9999710
10000720
9998570
10001160
9998540
10002580
9997460
10000650
9998830
10001060
10000370
10000070
9999970
9999970
9999450
10001510
9999260
9999390
9999230
10002150
9997630
10000810
9999650
10000600
9999940
10003220
9996090
10001450
9999390
9999900
9998610
10000050
10000330
10001530
9999350
10001800
9998220
10001670
9998220
10000440
9998300
10001900
9998840
10001250
9999850
10002700
9996570
10002350
9997830
10001670
9998170
10000160
9999340
10000470
10000100
10001830
9997280
10011890
9990020
9999750
9999130
10001330
9999310
10000340
9998720
10001650
9998300
10000840
9999640
10000500
9998600
10000540
10000640
10002990
9996190
10003260
9998240
10000100
9998490
10001260
9998720
10001690
9999400
10000070
10001020
10000230
9999820
10000150
9997990
10000450
10000100
9999310
9999810
10001240
9998460
10003570
9997060
10001420
9998320
9999250
10001090
10000970
9999950
9999840
9999070
10003310
9997140
9999530
9999660
10000130
9999190
10000810
9999950
10001430
9998620
10003440
9997560
10001030
9998460
10001210
9999070
10000280
9999030
9998940
10002700
10001410
9997300
9999120
9999910
10002990
9997740
10000110
9999650
10001090
9999110
10002400
9997930
9999660
9999410
10001750
9999560
10000050
10000660
9999270
9999030
10004630
9997030
9999070
10000050
10000770
9998160
9999930
10000030
10001260
