133150
890130
993910
998890
999070
1000010
999810
1000650
983630
1023770
995840
997560
1000130
1000360
998010
1000210
1000230
1000560
984950
11030150
1001880
987730
998750
997650
1000110
999070
999040
1000110
986550
1021160
995470
997870
999110
1000570
998610
1001370
999750
1000050
985760
1017870
997850
998440
1000540
999230
999940
1000280
999890
999350
987170
1020110
994720
998800
1000130
999640
999730
999650
1000410
1001240
984570
1020230
997470
997730
999960
999370
999420
999620
1000310
999650
987340
1020600
995290
998750
999000
999370
999150
1001260
999770
999730
985590
1762490
258480
993900
1000210
1000180
999000
999670
1000580
1000480
985250
1021420
993950
999000
999310
1001610
1000160
998770
999920
999650
986200
1017750
998110
998410
1000410
999870
1000140
999400
1000520
1000630
985520
1019020
995510
999820
1000310
998770
1000470
999380
999650
1000270
986040
1019900
996080
998270
1000540
999370
1001890
998630
999680
1000350
985550
1016510
998740
998550
1000800
998960
1000050
1000400
999780
1000370
984810
1019110
996980
998800
1000190
1000090
999870
1000210
1000460
1000350
984980
1015640
999330
1000330
999370
998790
1000340
1001560
998830
999330
986230
1016530
999920
998880
999090
1000490
999900
999300
1000250
999710
986130
1018110
996510
999370
1000910
998980
1000110
998980
1000430
1000770
985970
1017980
997900
998020
1000260
1000020
1000240
999020
1001200
999520
985670
1019250
995500
999670
999310
999910
1000250
1000410
999420
1001440
983990
1018790
997410
1000940
998380
999060
1001080
999020
1000790
999540
985460
1016960
999240
998410
999480
1000740
999580
1000200
999480
1000200
986130
1017530
997870
998820
1000270
999160
1001220
999210
999150
1000400
986350
1015550
999250
1000430
999070
999400
1000790
999530
999260
1001540
985180
1018100
997630
999980
998360
1000470
1000550
999510
998810
1001390
985950
1015130
999290
998430
1001240
1000220
998410
999740
1000390
1000270
985400
1016310
997970
1001120
999560
999820
999380
1001960
999300
999360
985800
1016960
998320
999020
999840
999730
1000760
999900
999550
1000670
985520
1016590
998960
998920
998590
1000540
999600
1000790
1000450
999720
985030
1020070
997160
997910
999270
1000570
999900
999790
1000100
1000390
985500
1016450
999420
998040
999990
1001120
998510
1000320
999350
1000700
986300
1017260
997650
998820
1000080
1000510
998770
1000500
999220
1001440
984400
1017620
999030
998370
1001150
998630
999990
999900
1000550
1000800
985320
1015960
999390
999120
1001030
998040
1000370
999600
1000930
998250
986640
1016970
998890
998890
999700
1000640
999050
1000310
1000160
999360
985550
1017560
998620
999220
1000210
999130
999750
1000610
999500
999260
986010
1019650
997160
998900
1000070
1000030
999910
998910
1001080
999150
986440
1015580
998580
1000350
1000090
1000220
998590
999820
1001000
999760
985440
1018170
997620
1000460
998860
999400
1000070
999980
1000630
998940
985800
1020150
996100
999050
999460
999840
999830
1000500
999250
1000340
985370
1017300
998120
1000190
999470
999250
999960
999800
1000600
999870
985330
1017170
999190
998860
999760
1000930
999480
999210
1000340
999390
986030
1018750
997730
998290
998990
1001490
999570
999270
1000640
1000050
986100
1016320
998340
999260
998970
1000730
999420
1000880
999640
999240
986730
1018560
997190
999020
999790
999370
1000150
1000510
999900
998680
985980
1017080
998740
999610
999860
999070
1001290
998490
1000370
999390
986140
1018990
997060
999450
999290
999980
1000520
1000150
999560
1000020
985410
1016290
998430
1000870
998460
1000810
1000410
999340
999780
999960
985880
1230160
788620
996060
999390
1000180
1000010
999090
1000240
999970
986390
1020350
995230
998370
1001400
998810
1000010
999790
999730
1000610
985900
1017000
998920
998260
1000910
999900
998790
999790
999910
999340
986240
1016300
998700
1000620
1000210
998780
999830
1001370
999610
999270
985170
1017990
998590
999100
999670
1000460
999290
999890
1000430
998950
985520
1016930
998540
1000230
998500
1000630
1001620
998570
1000150
999570
986540
1016210
998490
998750
999940
1000410
1000490
999220
999680
1000430
984770
1018250
998040
999230
1000420
1000030
999220
999580
1000380
1000540
985410
1017090
997530
999770
1000530
1000240
998910
1000570
999810
999990
985010
1017140
998570
999250
999890
1000290
1000040
1000260
999600
999200
985690
1018430
997480
1000090
999540
999250
1000240
1000860
999230
999610
985860
1018140
996990
1000800
998460
1000340
1000430
999780
998970
999810
986330
1016420
998010
1000740
998850
999920
1001010
999730
999090
1000380
985910
1016160
998220
999590
1000540
1000040
999900
1000020
999500
1000150
985910
1016760
997540
1001080
999700
998600
1000390
1000340
1000330
999990
984930
1017910
997040
1000460
999180
1000780
998510
1000650
1000820
998900
985150
1017240
998790
999900
999430
999440
1000350
1000110
999770
999760
985380
1016970
998420
1000290
998680
1000530
1000620
1000740
998730
1000030
986070
1016850
997820
999550
1000100
998630
1000870
999990
1000190
1000170
986740
1015260
997750
1000030
1000360
999210
1000040
999800
1000190
1000640
985030
1018000
996770
999780
1000490
999960
999330
999740
1000920
999730
985420
1019340
996030
999480
1000340
1000220
998560
1000860
1000270
999490
985500
1017620
997170
1000020
999620
999530
1000110
1001320
999030
1000130
986090
1015560
999380
998040
1000800
999930
999840
1000580
999130
1000440
986120
1018000
996810
998970
1000290
1000180
1000610
999580
1000290
999130
986140
1016920
997860
998990
1000260
999500
1000940
1000200
999780
1000700
983570
1018840
997130
999580
999540
1000610
998780
1000550
1000550
999770
984900
1017430
997870
999810
999720
999990
1000630
999420
1000230
999960
985630
1017000
999490
998640
998270
1000010
1000870
999770
1000250
999580
986700
1015840
998620
999440
1000050
999480
1000220
1000480
999750
1000810
985020
1017740
997260
999650
998910
999750
999820
1001000
1000010
1000150
985140
1019900
996720
998260
999290
1000550
1000250
999110
1000670
999080
986690
1017340
998500
998620
999680
999770
1000020
1000000
999680
1000870
985570
1017040
998420
998800
999970
999620
999470
1001770
999310
999500
985690
1017890
997670
998930
999850
1000020
999520
1000970
999920
999480
985860
1016560
999370
999030
998960
1000390
999550
1001220
999230
1000280
985490
1016300
999230
1000120
998740
999640
1000070
1000190
999890
1000230
985300
1015980
1000580
997820
1000030
1000320
999600
999400
1000050
1001720
984860
1016540
997960
999930
999140
1000870
999570
1000110
1000610
999660
985440
1016460
998150
1000670
999020
1000000
999190
999810
1000510
1000610
985620
1017180
998480
999680
999120
999500
999880
1000940
999700
999660
986070
1020440
995070
999570
998730
1000130
1000830
998720
1000810
999510
985410
1017170
999510
999280
999360
998650
1000910
1000040
999500
999820
986450
1017410
997790
999680
999980
999560
999950
999400
1000200
999580
985430
1018450
998400
998530
999950
1000050
999230
1000370
1000300
998860
987120
1016870
997510
999560
1000610
999020
1000350
999420
1000360
999960
986100
1017370
998040
998420
1001220
998660
1000550
1000600
998570
1000570
985420
1016930
999050
999420
999530
999730
1000670
999430
999830
999990
985740
1016820
998350
1000180
999830
998970
1001000
999090
999490
1000570
985280
1016850
998480
1000100
999810
1000860
999270
999910
998870
1000360
985650
1018090
998620
998120
1000440
999610
999470
1000050
1001000
998830
985650
1019900
995480
999070
1000380
1001160
999150
1000090
999670
1000380
984600
1019200
