843450
990620
999390
1000510
999390
984400
1023090
993940
998070
1000030
999580
1000080
999710
1002020
997930
985790
11010050
1021020
989750
996630
998420
998880
1000020
999470
998920
987670
1023300
992680
997990
998920
1000090
1000470
999320
1000410
999660
985700
1019670
997110
998410
1000030
999560
999930
1000170
1000030
1000300
985190
1025070
992020
998000
999520
1000080
999250
1000290
1000050
999770
986790
1018580
997320
998610
998860
1000110
1000050
1000080
1000640
999190
985850
1025200
991430
998410
999210
999590
1000190
999420
1001020
999320
986030
1023360
993270
998840
999500
999930
998660
1000620
999980
1001150
984950
1024730
991100
999400
999140
999500
1000210
1000930
999850
999560
985200
1019470
995610
1000170
999600
1000220
998080
1001290
1000000
1000320
985870
1020800
994440
998470
1000360
1000760
998920
999940
1000500
999670
986520
1019810
995190
998510
1000530
999060
1000530
1000060
1000780
1000390
985230
1020540
993170
1001480
998440
1000170
999970
999560
1000020
999930
986080
1016010
999080
999990
999850
999000
1000200
1000010
999970
999930
985610
1019150
996500
999360
999100
1000330
999960
999760
1000710
999730
985840
1017290
997590
999020
1000120
999980
999580
1000360
999610
999760
986360
1018010
997190
999270
1000540
998820
1000940
999460
1000760
998870
985940
1018080
997710
998640
999760
1001140
998890
999740
1000840
999910
986230
1018530
996230
1000030
998410
999930
1000360
1001120
998850
1000760
984270
1018430
997510
999140
999660
1001260
999090
1000850
999030
1000390
985470
1018820
996270
999600
998890
1001230
999170
999750
1000920
999130
985420
1017160
999020
999310
999580
1000250
999240
1001320
998450
1000380
986140
1017610
998090
998700
999160
1000740
999520
999830
998910
1001690
985460
1018160
998420
997440
1000330
1000170
999850
999010
1001420
999140
986710
1017390
997900
998760
999810
998900
1000580
1000380
1000160
999610
986460
1017130
997970
998800
999680
1000620
999370
999820
1000840
999810
985090
1018780
997080
999620
999050
999900
1000440
1000200
1000130
999860
985090
1019880
996300
999050
999040
1000680
999650
1000340
1000390
999790
984870
1017170
998600
1000060
999270
999450
1000710
998680
1000220
1000180
985190
1017430
998760
998490
1000130
999640
1000660
999620
1000050
1000160
985420
1018030
998610
999020
999090
999490
1001050
999620
999740
999840
985230
1017420
998010
1000180
998570
1000720
999030
1001740
998880
1000370
986630
1016500
997800
998660
1001440
999120
999120
1001170
999600
999710
985610
1016580
999280
999680
998920
1000150
1000230
999380
1000390
999770
985830
1017330
998140
1000050
998320
1000420
999860
999850
1000420
999990
985800
1015720
999010
999990
1000470
999710
999120
999980
999680
1000990
984810
1018560
997490
1000220
999150
1000340
998240
1000570
1000700
999630
985710
1020920
994700
1000060
998960
999080
999230
1000630
1000200
1000420
985980
1016240
998310
999980
1000560
999090
999390
1000760
999710
999630
986200
1016820
998470
1000120
998810
1000630
999910
999660
1000070
999040
985960
1016970
998960
998670
999700
1000670
999830
999980
999230
999910
986400
1015800
999420
999400
1000660
999330
999300
1000230
1000070
999910
985910
1017830
997540
999120
1000750
999170
999540
999930
1000010
999940
985850
1017340
998090
998990
1001240
999320
999890
999970
1000160
999820
985030
1764500
256270
995050
999230
999900
1000370
999600
999780
1000120
986000
1017400
996980
999890
999040
1001220
999090
1000420
1000330
999950
985530
1016780
998540
998980
999920
999670
999230
1001590
999370
999740
985170
1019960
996050
999170
999980
999440
1000270
1000300
1000540
999460
985130
1018090
999030
998450
999560
999060
1000760
999820
1001100
998450
985970
1016110
999800
998990
999610
999750
1000630
999390
1000250
1000070
984670
1018850
997540
999390
999340
1000110
1000210
999320
1000490
999190
986400
1016310
999920
999270
999130
999110
1000190
999840
1000940
1000640
984960
1018610
996900
998810
999950
999150
1000110
1000360
1000200
1001190
984500
1016180
999000
1000280
999040
1000130
998990
1000380
1000050
1000810
984760
1018800
997530
998800
999600
999780
1000340
1000000
1000180
999150
986250
1018370
997130
998860
1000120
999880
1000270
1000420
998970
1000370
985300
1018190
998810
997960
1000930
999400
1000350
999270
999580
1000150
985000
1020540
995650
999490
1001000
998390
999240
1000520
999890
1000310
984880
1018480
996960
1000340
999150
1000930
999250
999160
999910
1001580
984770
1017330
997630
999910
1000260
999840
999780
998340
1001000
999770
986070
1246870
773690
995780
999470
998810
1000030
1000280
1000150
999590
985430
1018310
996880
998830
1000570
1000030
999700
1000560
998880
1000950
985220
1018830
997020
999970
998430
1000890
999570
999580
1000380
999990
986130
1016410
998550
999460
999460
1000390
999760
1000190
1000160
998870
986300
1019550
996130
999160
999260
1000490
999540
999800
1000040
1000420
985420
1016380
998900
1000490
998720
1000160
1000650
999300
999710
1000350
985950
1018240
996870
999630
1000010
999300
999910
999610
1000020
1000050
985650
1020090
995960
1000630
998120
999280
1000110
1000200
999820
999530
986930
1016040
999360
998930
999080
1000490
1000460
999100
999890
1000180
985410
1017080
999080
999020
999650
999670
1000480
999530
1000460
999780
986040
1018610
997400
999610
999380
998390
1000080
1000390
1001210
999090
985390
1016230
999170
999460
999990
1001380
998070
1000580
999270
999870
985370
1017990
998230
999360
1001040
998210
1000210
1000880
999720
998960
985190
1016450
999490
1001260
998460
999950
999740
999440
1000000
1000550
985730
1017750
997190
999220
1000540
1000590
999610
999200
999480
999980
986000
1017990
997400
999920
999560
999670
1001090
998520
999850
1000830
985460
1018340
996670
1000000
999400
999760
999720
1000860
1000090
999060
984780
1020230
997650
998840
999710
1000850
998710
1000050
999730
999850
985780
1017560
996880
999900
999950
999860
1000860
1000140
999320
999770
985960
1015510
999240
1000010
999580
1000030
1001080
999110
999630
999250
986640
1017830
998080
999050
998440
1001080
1000720
998610
999610
1000380
985860
1016720
998510
998850
1000350
999510
1000720
999940
999840
999840
985830
1018670
996470
999100
999980
1000540
1000130
1000350
999950
998330
986890
1016390
998250
999610
999860
999530
1000760
1000930
999330
999810
984480
1017930
998610
998040
1001290
998590
999700
1000480
1000910
999260
985370
1017300
998330
999470
999000
1000540
999930
1000590
999900
999170
985530
1017580
998650
999360
999230
1001090
999390
999640
999760
1000930
984840
1018480
996730
999330
1000280
1000180
999430
1000050
1000490
999630
985810
1017110
997140
1000230
999660
999960
999390
999790
1000240
1000960
985340
1017080
996690
1001200
998870
1000900
999020
1000410
1000420
1000250
985300
1018820
996880
997990
1000200
999450
1000440
1000230
1000410
999970
985110
1015990
998630
1000080
998970
1001330
1000420
1000330
998770
1000320
985340
1018600
997690
997910
1000160
1000840
1000320
999310
999650
1000690
985060
1015180
999520
999310
1000660
999510
1000620
998560
1000410
1000620
986270
1016350
998120
998940
999200
1001070
999920
999210
1000720
1000320
985220
1016500
999160
999180
998840
1000110
1000310
1000670
1000570
999750
985160
1016630
998400
1000080
999310
999080
1000730
999700
1000960
999600
985520
1019070
997330
998510
999200
999980
1001010
999900
999430
999570
985870
1017430
998010
998440
1000210
1000670
1000530
998750
1001260
999180
986120
1015590
999830
998930
999130
