132640
362670
245380
249790
249710
250240
249580
248800
250750
249600
250640
250600
248140
251390
248490
252000
250170
249730
249920
248980
251040
249010
249920
250000
250140
250140
249990
249690
250080
250730
431570
325060
244890
249680
248500
250570
250260
250770
249360
249030
250070
249860
249730
250960
249310
249860
250640
249550
250390
249900
248850
251110
249180
249940
250680
250450
248640
251020
249970
251080
248660
250140
249700
250400
249860
250010
249580
250710
250240
387800
368500
245710
249400
250340
248340
249710
249570
250430
250340
250730
248420
249460
250880
250170
250150
249760
249390
249810
251620
248510
250590
249320
250010
250170
249360
250020
251660
249140
249960
250310
250220
249220
250430
250080
249860
250230
250670
248310
418590
341410
243080
247420
250490
250460
249960
249210
249860
249840
250570
249850
249630
250950
249290
250240
249040
250960
249380
250940
248980
250340
250880
249790
250010
249390
249880
250060
250250
250420
249610
250630
249180
250880
250090
249400
249540
251140
249230
7051380
226230
224180
249640
250290
248740
250410
248950
250140
250430
250180
249830
249770
385390
368790
245930
248950
251170
249460
250020
249830
250770
249830
250440
249690
249610
250310
249800
250040
249370
250360
250410
250570
248420
251270
249860
249090
249830
250940
250250
249610
249850
249320
250910
249670
249960
250900
249100
250140
249180
250110
251190
414680
342800
244030
248070
250900
249190
249580
250560
249010
251770
250060
249870
249650
249250
251010
248760
250510
250100
249500
249380
250280
250510
249850
248800
250750
250900
249540
250370
249780
249910
250220
249140
250180
251350
249380
249350
250450
249740
250310
424690
331080
245050
249570
249790
249710
249330
249860
250640
250010
249220
251000
249750
251070
249580
249300
251220
249250
250260
249730
249530
249900
249430
250590
250440
249690
250500
249480
251150
248950
250550
250170
249650
249200
250650
250210
249370
250410
249130
422440
336380
244610
248260
250330
248710
249810
250540
250880
249320
249380
251040
249410
250290
249000
250300
250770
249030
249840
250330
250450
249780
250370
249750
249770
249900
249970
250450
250220
249230
250710
249820
250420
248950
250210
249590
251700
249240
250470
471000
282510
247660
247940
250280
248820
250720
250000
249710
250520
250310
250210
250080
249450
249810
249690
250030
250100
249780
250270
250290
250400
249110
251430
249620
249780
249300
250390
250080
249570
249210
251610
250030
249320
250300
249460
250510
249980
249570
422300
333710
244910
249510
250610
249450
249640
251190
248950
250120
249520
250720
250610
249940
249970
249660
249660
250770
249620
249590
249830
250610
249930
250290
249120
250150
250040
249960
249650
249520
250880
250210
249980
250100
249820
248960
250170
251000
249480
387920
366350
246530
250460
249010
250180
249540
249580
251590
250130
249390
249950
249450
250150
249940
249910
250350
249470
250630
250000
249780
249940
250020
249810
250220
250540
250080
249650
249440
249780
250700
249450
249680
249580
251080
249670
251110
249360
250010
444000
210290
123300
222550
250690
249370
249660
250290
249490
250040
250490
250860
248080
250080
250490
249800
250930
250030
249490
250290
249720
249450
250220
250510
249810
249220
249380
251640
249720
250030
250040
249340
250540
249710
249990
251150
249230
250430
249850
249760
444850
210760
123470
222340
248900
249420
249930
250200
249530
250290
250870
249170
250480
249970
248930
250980
249660
250060
249230
251020
250340
249920
249440
250240
249730
249880
250050
250030
249740
250910
249880
249850
250110
249710
250380
250050
249920
249610
249290
249920
445940
210880
123620
220720
250990
248770
250020
249880
249670
249940
250130
249320
251250
249570
250980
248930
250230
250800
249470
249520
249650
250230
250150
249460
250720
250690
249240
249790
250410
249370
250200
249520
250420
249950
250240
249730
251180
248430
250510
249920
445150
209800
123860
221950
249410
250390
249880
250390
249070
250000
250340
249720
249530
250670
249880
250440
250100
249920
249800
249870
249670
249540
250940
249550
249880
250470
250250
249870
250090
249570
249630
251410
248750
249950
250200
250530
250630
249280
249480
251480
463270
214670
122580
212700
235990
250000
249710
250390
250700
249470
249460
249900
250030
250010
250460
249940
249830
250040
249950
250610
249090
250350
249480
249650
250490
249140
250540
250250
249870
251450
249530
249380
249900
250320
249240
250280
249940
251020
248330
250850
396080
358340
246850
249040
249740
249440
250600
250630
250310
248990
249960
249300
250340
250260
250740
249250
249370
250890
250570
249530
249430
250850
250000
249930
249320
249680
250590
249350
250670
250140
249680
250660
249850
249790
250430
249560
250150
249260
250060
445100
210420
124080
221790
249920
249170
249760
249640
249690
250240
249980
250750
250380
249730
249250
250770
249070
250790
250470
249140
250330
249900
250260
249810
249320
250760
250360
249810
249540
249890
249240
251520
248970
250230
250290
251130
248910
249600
250600
250020
447600
211870
122860
217870
249640
250290
250220
249580
249970
250240
250040
250030
249310
249800
250280
249280
251650
249380
249420
250440
249740
249410
251390
249350
249820
250560
250710
248490
250850
248850
250210
250130
250050
250130
250160
250010
249700
250090
250670
249690
448460
210320
123070
220350
248570
249800
250550
249940
249650
250260
249310
250670
248230
250980
249940
249820
249700
250060
250880
249870
250070
249170
250260
249530
249370
251380
249760
249890
249950
249620
250830
250210
249380
249680
249680
250630
249460
250390
250660
250220
444580
211640
123230
220150
249740
250420
250450
249460
249820
250660
249510
250490
250220
248850
250290
249360
250590
249830
250050
249520
250370
249880
250310
250440
250600
248680
250460
249890
250420
250150
249920
250360
249510
248990
251150
249510
249900
249860
249370
251120
447160
211200
123660
218140
249380
250550
249120
249860
250560
250500
250380
248740
249910
250830
249550
250190
250550
249770
250190
249400
250440
249750
249760
250170
249030
249470
251080
250310
250290
249610
249510
250140
250800
249900
249580
250090
250910
249750
249250
249850
447000
210800
124440
219190
249530
249700
249430
250880
248810
250580
249630
251090
250550
249410
249940
250090
248950
250530
249330
249420
251090
249670
250310
249860
250260
250470
249230
250320
249940
249660
250590
250610
248720
249940
250010
249860
249850
250940
249750
249760
444520
211100
123150
222350
249440
250190
249850
250370
249820
249320
250520
249580
249540
250430
250160
250150
251270
248290
250380
250250
250000
249180
250300
250230
249490
250470
250030
250460
249270
249970
249810
250860
248970
249890
250690
249530
250220
250590
249640
249560
447710
210890
122770
219440
250310
250580
248810
249080
250520
250360
250140
249520
250610
249990
249350
250560
249650
250010
250380
249480
250760
250380
248600
250240
250520
249500
249700
251460
248410
251110
248980
250450
249770
250110
249730
250290
249810
250870
249670
250630
444390
210650
124280
221150
249030
249980
250340
249510
