343960
492720
498820
500440
498060
499190
500930
499930
499500
500720
500220
485390
4465750
125120
427350
497140
499810
500080
499390
499860
498960
500520
500130
500490
485780
684340
334430
495730
499070
500170
499680
499710
500270
499900
500320
499820
500080
500630
498860
500370
501210
499250
500560
499530
484890
3283730
240270
491630
499630
499990
498990
501610
500600
498010
500810
499890
499970
499520
499700
485720
692890
326070
496730
498690
499320
501740
500350
498810
500620
499280
500180
500160
500110
499370
501100
499020
499380
501440
499620
485220
521070
496870
499110
498600
499670
499870
499720
500320
499830
500120
499440
500030
500840
498830
500020
500290
500880
499250
499280
486530
523660
494300
497220
499940
499630
499270
499740
499680
500610
500730
499040
500770
499720
500020
500180
498910
500470
500600
500220
484970
520750
496430
498370
499520
499160
500360
499700
500270
500170
500340
499010
500180
500130
500960
498760
499740
500710
500180
499010
486450
521990
494450
498860
500440
499080
499070
500310
500970
499010
499620
500880
499430
500650
499220
500360
500030
499910
499740
499480
487180
519410
495410
499150
500790
498900
499550
499810
500420
499700
499780
500910
499570
499620
500890
499390
500110
501370
498800
499570
485450
519410
496580
498730
501550
498690
499740
500740
499500
499550
501200
499150
501090
498780
500310
500760
498750
501620
498900
499790
485140
516860
498020
500420
499620
500540
499890
499700
499790
499890
499970
499890
499910
500310
500180
500110
500350
499640
499210
500330
485460
517590
497750
499460
500560
499800
500420
499080
500560
499620
500050
500400
499640
499660
499610
501020
499730
499490
501330
498870
485960
517950
496930
500040
499120
500040
500250
500230
499870
499810
500140
499140
500090
501020
499900
499800
499900
500090
500970
499460
485250
517730
497290
499760
499000
500540
500450
498910
500320
500610
499490
499780
500510
499310
499920
500450
499630
499400
501170
499930
486040
516160
499040
498800
499900
500420
499180
500170
499630
501310
500320
499190
499640
500010
500530
499620
499720
500230
500760
499160
485840
520100
495510
498720
499800
500710
498390
499910
501420
500320
500170
498930
500730
499720
499860
500500
499900
499060
500590
499850
485440
516840
498790
499970
499030
499100
500840
499900
500050
500590
499540
500540
500080
499650
499580
499700
500010
500900
499380
500090
485770
517860
497790
498810
499770
500430
499670
499250
500890
500240
499340
500850
499440
500170
499820
500190
499690
499790
500390
500380
485180
517230
499370
498640
498950
500590
500030
499940
500620
499030
500160
499840
500810
499980
499580
499530
500480
499060
500270
500930
485160
516610
498240
499760
499780
500790
498580
500260
499800
500390
499690
500430
499860
500780
498530
501670
499190
500280
499490
500050
485980
516900
498590
498010
500260
500470
500640
498910
500400
499830
500330
499240
500350
500130
500000
499780
500370
500320
500200
499380
485680
518710
497250
499660
499750
500300
499290
499300
499790
499300
500870
499870
500660
499340
500000
501300
498560
500570
499990
499920
485820
516480
498760
499180
499790
500810
499200
499900
500550
499210
500120
500210
500050
498940
499960
501500
499830
500130
498840
500030
486460
517230
497950
498220
500760
500220
500250
500250
499360
499660
500490
499430
499980
500920
499780
498660
500810
500200
499890
500450
485280
516930
498290
499130
500310
499780
499880
501340
499730
498130
500910
499840
499750
500330
500010
499680
499590
500100
501120
499010
485790
519320
495900
500190
500480
499240
498730
500560
500220
500590
499300
500100
499180
500560
499840
500470
499490
500480
499810
499880
486160
517450
498280
498030
500840
499440
500040
499330
500510
500040
500370
500390
499450
499550
500200
500010
500090
499430
500850
500360
485750
517740
497330
499550
499600
499570
500160
500180
500270
499070
500530
499450
500330
500180
499200
500530
499890
500610
498880
500830
485180
516370
498770
500440
498530
500800
499580
500210
500650
499760
500350
499730
499090
500800
498920
499460
501330
499660
500160
499990
486060
518240
497540
499140
498830
500160
499470
500250
500000
500630
499800
500600
499250
499790
499800
500200
500350
499010
500410
499500
486300
516640
499030
499400
500350
499640
499490
500230
499810
499530
500020
501060
499170
499930
501000
500020
499030
500570
500120
500480
485100
518570
496770
499020
499900
499360
500260
500780
499770
499110
500580
499640
500120
499700
500530
500550
499210
500320
500450
499450
485390
517050
499160
498510
500990
499610
499520
500210
499460
500660
500760
499240
500560
499050
500290
499230
500940
499460
500190
500030
485300
517640
497720
500220
499210
499580
500170
499850
500750
499730
499710
499540
499750
499990
500540
501720
497700
500850
499330
500200
485640
516860
498710
499220
499550
499510
500530
500210
499760
500540
499460
499110
501560
499630
500440
499210
500050
500460
500050
499780
485370
519650
497110
498420
499440
500170
500560
500020
499100
500220
500030
498990
500650
499820
501670
498750
500040
499990
500100
500520
485670
516360
497910
499610
499170
499920
500920
500670
498210
500830
499520
500480
500090
500310
499030
501100
499300
499920
500180
500200
484980
517070
497920
500770
499190
499960
500420
499470
500960
499530
500570
499000
499900
500300
499630
500010
500710
500130
499610
499800
486630
515460
499520
498910
499420
499950
500150
499730
500550
499480
500620
500230
498290
500780
500670
499490
499570
500460
500420
499350
486120
517360
498110
499020
500490
499480
499850
499470
499930
500320
500560
499290
500260
499960
499880
500970
500000
499600
500510
500020
484730
516420
498800
499110
500000
499350
500120
501110
499790
499880
499140
501110
500150
499760
500050
499220
500880
499210
500090
500200
487070
516300
498020
499370
499440
500420
499430
500670
499160
499680
499290
500610
501380
499610
500170
498660
500160
499970
500460
499820
486460
516600
498290
500070
498740
500900
499160
500350
499460
499940
500250
499670
499860
500890
499800
499540
499410
500380
500040
499790
486100
517780
498880
498780
499900
499940
499120
500280
499800
499870
499600
501180
498990
499730
500720
499100
501480
500200
499910
498850
485810
517530
498350
498680
501140
498420
501500
499290
499210
501090
499880
499820
499490
500520
499790
499510
500200
499480
500800
499020
486200
519830
496360
498630
500520
499970
499630
500700
499750
499180
499980
500290
499690
499900
500500
499350
500200
500020
499760
500080
485550
516560
498840
499530
500710
499020
500580
499250
500240
499790
500440
499800
500170
499290
500430
499700
501240
498630
500640
499500
485830
516900
498790
499190
500060
499750
500370
499100
499710
500520
499210
500710
500660
499500
499790
500220
500270
500670
500320
498200
486380
516380
499040
499460
499650
499670
500080
500410
499790
500360
499180
501380
498030
500870
500320
500270
498580
500610
500090
500290
485970
517070
498100
498680
499880
501060
498920
500050
500670
499320
500630
498680
500950
499890
499890
499990
500440
499070
500020
500600
485680
